0;0;0.47362525564755287;1.2757826218826684;-0.31113659813725064;-0.1801556548031338;0.6750869290691845;1.5484452526589776;0.1974352187087788;-0.0730034999493039
0;0;0.3807073969540947;1.6367902450517025;-0.09279877570096462;-0.06850578805734367;-0.34878432244507074;1.5051330853475384;0.20779921706312882;-0.2014268150841675
0;0;0.22312747084165047;1.7133716648565795;-0.41345717729561615;-0.6919945799376077;-0.5539142989720361;0.45748426162476835;0.08035987994932728;-0.10118343105063102
0;0;0.44626731125377983;1.696268574887802;-0.4792131583666054;-0.7513786357070407;-0.8641058360275302;1.8467814199014625;0.21349985182286885;-0.44502004169244996
0;0;0.5731146151687899;1.217767611277517;-0.31992765776005283;-0.11854146326855448;0.65664275872538;1.6260604334851545;0.050196366802332026;0.3419368025784508
0;0;0.5825280945983135;1.4009436712764847;-0.3145433176974328;-0.341143659372225;-1.0179931669426385;1.8999124813523134;0.19576076886821914;-0.1181102070281325
0;0;0.43045631777025367;1.5461889284835033;-0.6670794508472802;-0.7416498618957694;1.507294270824324;1.3642344232660808;-0.09180169403237554;0.2285821245326995
0;0;0.42138269835548164;1.6875155045392063;-0.1419579105698132;0.21010686152989003;2.171009346935588;1.7533635144953092;-0.11008864458278729;0.563694993916792
0;0;0.30258463079105086;1.7846295999993693;-0.38789534484102345;-0.2573477020529902;1.8715428577261697;1.0212142806908506;-0.15215360090547447;0.3848576529912158
0;0;0.39861419401324744;1.4057605141802472;-0.6673554703950195;-0.5954529705299317;1.1861321205432387;0.4984817246224801;-0.14488776350808946;0.31482242527401166
0;0;-0.006475436917140228;1.841383322859524;-0.9410980441678376;-1.1033215874117843;2.1645158827758797;-1.5935631715272682;-0.48704758700328815;0.5660943638810224
0;0;0.17026587128237028;1.5819044377110296;-1.2907636379839056;-1.8629349610574906;0.7222837656886404;-0.9503341704656887;-0.21930755565506715;-0.09402194161078029
0;0;0.058386842847793094;1.8694334534293566;-0.9753794254822417;-1.4529523556287527;0.06207800809623148;-1.0650066265258948;-0.15967155744736766;-0.2746527120829957
0;0;0.4083270715089013;1.146676818714628;-1.4744521319127473;-1.9167349883731735;1.4341884932440092;-0.29149224926670114;-0.3453779697096407;0.5537513180456579
0;0;0.44689958645957767;1.1681808275993264;-1.1842972305882529;-1.5089297507295856;1.6741704549118066;0.606577437459709;-0.21170393250174885;0.7402950958040186
0;0;0.27256892037742325;1.361279709159549;-1.5501124891630893;-2.4285052465604657;0.006922204023618482;-0.4773032114194046;-0.1141725622936704;-0.10795975866522961
0;0;0.3895108665677086;1.26524941720344;-1.262932146684846;-1.8762459222665;-0.9337386776036146;0.11802565268089162;-0.01281359473089673;0.03680294769561913
0;0;0.636616859450507;1.0124294903690678;-1.333496847346626;-1.9504572873730395;-0.3718085408196244;1.322101524565744;0.039568895742114446;0.15246343185138111
0;0;0.5778781418522417;0.9315514465067664;-1.5737969002932561;-2.1896197656245775;0.6764066836334771;0.5441923634075649;-0.098066910985547;0.10375322519594403
0;0;0.5513666540699144;0.9668109365109387;-1.5678013712889687;-2.17321584207177;1.303342832728635;0.49121708717119766;-0.15203990100065212;0.26356689243457526
0;0;0.35004985246443454;1.0762411855354426;-1.9359949673401875;-2.877911563354944;1.1087399592796965;-0.698172023186517;-0.20730081763375438;-0.016916322123564257
0;0;0.3687300611052615;1.0982002260634713;-1.9010758901464966;-2.84383100430911;0.6805948557041243;-0.5529404108799769;-0.10080742343196088;-0.44147306024911914
0;0;0.426450170379674;1.1712518976013193;-1.5505031754097127;-2.1860638126615517;0.8126861283050304;0.21428106870350838;-0.07332957109122523;-0.22571788463686773
0;0;0.5907082100345421;1.1289154067808294;-1.3095893559114686;-1.7561856554049324;0.7671552480352386;1.06849228447431;-0.014700119320957241;-0.1689733510643882
0;0;0.5938665437427516;1.2903538707924955;-0.9840958411746217;-1.4201458524119066;-0.7268643583238473;1.4908055427029456;0.188872960959864;-0.5046837988827999
0;0;0.7047439399769729;1.1006593763396282;-0.8160853110162848;-1.1094426334718348;-0.6831118908454763;1.9625657481241279;0.22448623592368028;-0.42201536687963376
0;0;0.5990932178182952;1.3279647051087367;-0.8166893719908708;-1.1438559610734587;0.04792907045365675;2.065455014777498;0.16014752762496945;-0.15053826208403323
0;0;0.547747726675921;1.2251573939058595;-0.6775249816679266;-0.7931302300578676;0.011338704970666018;1.014362525952307;0.0486730697737559;-0.08800808227154054
0;0;0.43574451435170514;1.3421286530298437;-0.7465495986665307;-0.7915086071659649;2.216631618948474;1.0520450556803111;-0.1457460630903199;0.661530125438248
0;0;0.2049930929679821;1.5917297620394295;-0.34804462065762193;-0.47328079628666553;-0.7019310432228714;-0.5441027164605745;-0.1599242703475862;0.34330269143398656
0;0;0.17764503554675598;1.73826020381018;0.038512529123863055;0.16976273782378917;-0.9941323090124883;-0.5562120639685082;-0.1497228670236628;0.17464489889616372
0;0;0.3146996337317833;1.748510366796148;0.6228588042630563;1.1817372160597481;-0.07465990997542964;1.2310236870838047;0.09167819495201228;0.21428054067347682
0;0;0.05850443005242908;1.971034095993572;0.5450826964734133;1.1577441559785406;0.3266888786053782;-0.7064572582723458;-0.2556248825204687;0.34673175620593233
0;0;0.056737057389069534;1.963389453563133;0.568034562342799;1.1908319886213545;0.2605429909677372;-0.6191735545588837;-0.19054297278283028;0.14520392147768463
0;0;0.050932245143905756;2.086658998354587;0.5646246236086827;1.0439149731760953;-0.2281761711625761;-0.13713267021972222;-0.08153423338509624;0.15401890570780236
0;0;-0.019261512437113264;2.090033776460338;0.7315517846610601;1.6046171537009768;0.6473398154566062;-1.3243762258708742;-0.31390840990090163;0.033844099415331
0;0;-0.04316371523879774;1.6719851657338887;0.1943466813686077;0.7925839546867083;1.2584005234262656;-2.4682763915717394;-0.477300413896201;0.15499080090812167
0;0;-0.12988265695650217;1.9972500169645835;0.44083909635241053;1.0320528721610047;0.3679147635135096;-2.322557740533599;-0.4255723729744385;0.17570775208045553
0;0;-0.15384676613264636;2.114653332312953;0.5371672783759056;1.302490850968451;0.5185198344701809;-2.5909980231266507;-0.5188774433898636;-0.010321547039461138
0;0;-0.05377604767905083;2.1214368409245323;0.796063260858193;1.6895509576315095;0.3227613359694847;-1.7127726869170916;-0.45079056175571436;0.10228011977156447
0;0;-0.09392036979512093;1.94616493180548;0.47608890258727177;1.1490796239947076;-0.5552910396393297;-2.8882031652649776;-0.4661979156827029;-0.25027096845858504
0;0;-0.03510717901741275;2.1749736846870906;0.7962620964271095;1.497341596752192;-1.2030464255855515;-1.4223086840110342;-0.18127235453834786;-0.5009144111677584
0;0;-0.1608822101067979;2.2479694495009848;0.8026003687415327;1.7110912879475257;-0.31387499007820835;-2.7558680188574476;-0.545603825400492;-0.09798720519806482
0;0;-0.16972729426408165;2.3779192792250305;0.9992417497316296;2.0171636381102473;-0.4622098986793863;-2.5270064203291978;-0.49837126290565326;-0.2526450097126673
0;0;-0.33749392818022467;2.449523007060314;1.1352541151301108;2.254522021048834;0.49160460623924823;-3.211599002063015;-0.6314783481710035;0.19295614229546654
0;0;-0.3493651524415313;2.371417736100478;1.225490890242293;2.4181722705919824;0.4411330733118426;-3.4983420222874013;-0.6446636004123489;0.2453621487301336
0;0;-0.3003584373636341;2.6123577235476563;1.3601879531581735;2.444313505100441;0.13445186611796353;-1.9137283671107779;-0.365672524630352;0.13380638781214796
0;0;-0.22770253751994488;2.62815671926335;1.7106446080172726;2.8963465442391882;-0.7165024946859486;-1.1094399369846577;-0.1586226770726477;-0.005274434678484397
0;0;-0.18186281888618833;2.519107315643523;1.5406136260974777;2.4374146795792524;-0.91066725115482;-0.21462321471880536;0.12100845834714259;-0.11715902520554275
0;0;0.00938345651504151;2.516586436328164;1.1006608082873512;1.6034030685516858;-1.606545664628582;1.3186709711372089;0.48501864582262594;-0.5010667621887658
0;0;-0.11852016864494837;2.813266014047125;1.2862016204349587;2.0424329851107688;-0.9402982713996629;0.7783143601560167;0.26091963253047884;-0.5032740591395451
0;0;0.10666478984007159;2.120361545283223;0.6743516269713792;1.152057076665908;-0.528760615826257;0.5359853413772483;0.029204033584356054;0.11278930296791399
0;0;0.5142568434787653;1.7686103459470264;-0.19748128017203312;-0.2584168947801399;-1.6825506231000658;1.773687084655871;0.09146006897480184;0.05099256746012383
0;0;0.32675889130599495;1.8348873522025584;-0.6168384982873877;-1.0528999557828702;-1.913634993427687;0.6588393946435397;0.05739499725475712;-0.26863163281807384
0;0;0.4242631616046025;1.511582926651999;-1.1508707440065382;-1.8469817341212138;-0.7060141327770644;0.9913572724044178;0.016668627842344116;0.11774481857241356
0;0;0.5214634179241491;1.1386494304597043;-0.7269205755271955;-0.8300683536058858;0.9294481992980093;1.2030293685515911;-0.012800281108606879;0.48823577438724974
0;0;0.5135984007921469;1.1450156477304911;-1.288808763408739;-1.8970875528701054;0.3523446332449529;0.8339416344847397;-0.05430890807061039;0.2934309138646533
0;0;0.431828190215499;1.1829007599624557;-1.0517202730421413;-1.3535024613901279;1.5549554741412397;0.6046608501175215;-0.11909165635761396;0.409419550644369
0;0;0.4422206202086613;1.5249743378784884;-0.611278779531611;-0.6533209023071201;0.22594859712903595;1.072585143377441;-0.05860336135760658;0.2037253121404627
0;0;0.4687427709470684;1.5232324573123608;-0.5638765697718479;-0.7298417994639615;-1.8718180842004897;1.0911898895892826;0.17979823290858493;-0.421048395947158
0;0;0.5937514027063916;1.297317668105732;-0.573489513565774;-0.6558078662268884;0.413343674062639;1.7090968364783115;-0.01642037743913113;0.4132300056985602
0;0;0.5526413370779513;1.1374432531640168;-0.4612947934724005;-0.44675321766702814;-0.5922303590885921;1.4598680761551008;0.23430469575220633;0.0077094243350423605
0;0;0.5665586068583455;1.0632096472263055;-0.3504874142314271;-0.03425626654841343;1.7255800343955712;1.499039954517422;0.016346527637873372;0.64251490355739
0;0;0.44538565246334916;1.3214809002920944;-0.03111737720296273;0.2316771802536606;1.4060494168448037;1.5812694187239096;0.09680068275022741;0.6523055677852414
0;0;0.561917236263158;1.0690522067830268;-0.027727101545898282;0.7292817110485535;2.3143665589379765;1.688011914970406;0.07108283253690874;0.5612509918383474
0;0;0.3781685216420652;1.48801916368181;-0.04860271087527822;0.46295673800982506;1.7780511771371146;1.3209589480829986;0.0706600293471413;0.33174326153063155
0;0;0.10850638093916878;1.923257710633696;-0.15875989108174707;0.03510643032734756;0.8857664995424599;0.5572944325338566;0.10326810792816107;-5.44963617696991E-4
0;0;0.28379314797421695;1.5427810253916427;-0.18648762543033637;0.011731215846662887;-0.3305909375488923;0.691560435790928;0.2784114885003367;-0.5056839079266043
0;0;0.2427581291032364;1.9141198336086744;-0.06798435633506192;0.21199351509272424;-0.5583215332520185;1.1852882087803922;0.25142295461195685;-0.3944940762053452
0;0;0.2585428699411494;1.7786568194414123;-0.5523246866654337;-0.7257221693408695;-1.8522535699338336;0.7706522520259007;0.38063224394436823;-1.2219748632972187
0;0;0.32009044624825844;1.6446015565057714;-0.49353101519052495;-0.6825615173657379;-2.3257055958881283;0.8873996620624608;0.44290122795318154;-1.23816367761854
0;0;0.5071559279273473;1.3166685290772935;-0.052748114291157326;0.25764132879470925;0.5518226942235053;1.8003860454515253;0.17801613331409188;-0.008869849522549452
0;1;1.0118102299173768;-0.7897156399417734;-0.7268301817352579;0.968886209194493;-0.6278938411096427;0.01695204429657502;0.03117768361794286;-0.1287232681449869
0;1;0.9582279895744745;-0.7634429021322995;-0.8808044618117262;0.7884373588789954;-0.4875664136973524;-0.4413913807638102;-0.058143155617381675;-0.07844868562984056
0;1;1.010761039226219;-0.807437836446794;-0.7308130164871376;0.962489885111178;-0.4242151783697066;-0.07326733332932836;-0.005197626207710798;-0.020808994781693683
0;1;1.0615532140031756;-0.8279980434434486;-0.6581291829450091;1.0784324855458016;-0.20671811676783633;0.3070510189097865;0.012642118278012723;0.10606459044886893
0;1;1.053596366547426;-0.9226022572844869;-0.7961474882990018;0.9362225578035847;0.3445010166368745;0.0513713226048754;-0.05857837169739284;0.15028030820876018
0;1;1.0233828571501769;-0.9205384903285204;-0.6102706557546583;1.0270362382440505;0.6988351558661299;0.3639563020679346;-0.1546167870472771;0.2849495999960434
0;1;1.0603478076975377;-0.9059417079956705;-0.6592582064231002;1.0953219865093913;0.12555224470029627;0.15363239886497732;-0.024737579581774072;0.08650906326400797
0;1;0.9488867123965028;-0.7320096309325936;-0.8061525793908251;0.572941104118913;-0.869097704552014;-0.3617611773315082;0.06695692770874737;-0.22589618055529317
0;1;1.0115201067368091;-0.8194498149677193;-0.7795598643616136;0.8960384889595258;-0.40983896889229277;-0.07489908330504325;0.03458013269818046;-0.09299678226002743
0;1;0.9987864616616239;-0.8069868394040338;-0.8253308393222063;0.8504383567259907;-0.050605622386368065;0.00406167829407758;0.02201532803001207;-0.05036142866474504
0;1;1.1072412936378766;-0.9481306461656711;-0.6695881405144732;1.1779651495809544;0.02473478190453926;0.4076324251875511;0.013616693532558776;0.04078333913964005
0;1;1.1563453080234585;-0.9973579675625923;-0.6703900646196177;1.3722868130494408;0.32758226534892865;0.6069242561239488;-0.01849764182598645;0.09187751772827962
0;1;1.1911321908686263;-1.0261959814218566;-0.6204841690022277;1.5171785650158118;0.39353689269888953;0.852622568795103;0.021012168696725442;0.10626140487516528
0;1;1.077659241863435;-0.8451705518590634;-0.6784957131657886;1.1193337027953894;0.11525866734309992;0.4658349435306622;0.006381050295659768;0.021413012230281574
0;1;1.0212367308423587;-0.8770958104659892;-0.778408269774617;0.891286407381725;-0.3326074621413001;0.21587687174198647;-0.11614022684004169;-0.04041191062252276
0;1;1.0161512978321823;-0.8611595448484315;-0.6794863744139545;0.9860911845561767;-0.09166700792675322;0.23343917897764907;-0.08354565505705686;0.04722786096522262
0;1;0.9529184511036718;-0.8160585132856017;-0.8467887647991624;0.7702477697018304;-0.28573874978713737;-0.18916146431975922;-0.157268256170056;-0.06469270538740267
0;1;0.984895948373491;-0.7775854540307753;-0.8454719132008466;0.7738010193813585;-0.5966990166919202;-0.21494165380976823;0.02799208605577085;-0.207729831515504
0;1;1.0249767301271886;-0.7803128606550096;-0.755632652994352;0.8521409723806546;-0.3439369683468375;0.08322282256566972;-3.169940543792014E-4;-0.048990566369412125
0;1;0.9829336918952452;-0.7535804199076069;-0.737532334964609;0.945949644901401;-1.400685576419072;0.09328712235317115;-0.023749420644294927;-0.3377583508044946
0;1;0.9015748311037931;-0.6778958990992063;-0.9299692970402763;0.5907099676368335;-1.084192952111207;-0.2529367663791644;-0.14467791514219294;-0.3610567950715098
0;1;0.8859009878711254;-0.6153259162578972;-1.1500986530225201;0.17243054879758268;-1.4482143266633274;-0.8228985417012395;-0.0585011780593113;-0.4526697020059444
0;1;0.8809320613738615;-0.4721294719587339;-0.9676234382463655;0.6356618252252442;-1.6589116047309962;-0.5472746723103477;-0.02210078910736117;-0.47666949650230195
0;1;0.7185763034726743;-0.2447367865049128;-1.1148908403283342;0.08662320926109363;-0.8204934535829834;-0.9224775525057736;-0.07560933307432388;-0.38165728862880877
0;1;0.7497097676070918;-0.2899904442246885;-1.0383701149878812;0.20023801315515039;-0.5466485963666627;-0.8279761030813341;-0.06446533535770863;-0.3049338496178048
0;1;0.8981575774526913;-0.4971865763253162;-0.9100536919844981;0.7722573906105784;-0.3909516247105406;-0.2993231061345838;-0.0781898926363058;-0.22751178217187537
0;1;0.9110301207284381;-0.5332951612493945;-1.1524146833741349;0.41101492349151775;-0.6267267899362845;-0.5366940637648909;-0.10178476099531136;-0.3080069208334381
0;1;0.9107974552363418;-0.6207932126353405;-1.1324805259565014;0.5583691371811852;-0.07084643554787959;-0.6768960719985924;-0.22459415508930272;-0.07695715752033126
0;1;0.8917434581917529;-0.6179582110339149;-1.057996553014391;0.4996999983258586;-0.41144062061216574;-0.7641267575687108;-0.2158192983980986;-0.09457185075721677
0;1;0.8627084466028955;-0.7242509051260233;-1.2225734630714522;0.6349972579074366;0.5121922963794735;-1.210347216515935;-0.29629135814470886;0.09314916502071419
0;1;0.764701770577542;-0.5059990477662861;-1.1009849313300417;0.3534155833900087;-0.4034091989274794;-1.1397968104242404;-0.1044314462023687;-0.25146872064969045
0;1;0.7244999207925767;-0.475847682814451;-1.0862499486869521;0.19712154105528829;-0.29772447260309465;-1.3204092124546019;-0.15698343481299784;-0.22269994550393638
0;1;0.7751026669766807;-0.5208153296325895;-0.9373934192340482;0.45646600456777897;-0.46646361036885325;-1.06072516767249;-0.1014666837486683;-0.2616391543835201
0;1;0.809774489563055;-0.5755800861292001;-0.8984393244294714;0.5551016579535375;-0.20326903097805615;-0.9178635780894235;0.022892722889981204;-0.222581430761597
0;1;0.7072353845118435;-0.6030783374788408;-1.110502213579024;0.21674313802998021;0.8027850761434291;-1.6973878278833798;-0.15443889966433674;-0.024859898946243294
0;1;0.7670410850035284;-0.5981833938722511;-0.8974388751162414;0.3800989948795435;0.3051233265647348;-1.2695906947340196;-0.15251547390631043;0.043579160716803386
0;1;0.8034762953447807;-0.5913396388749163;-0.9216043080797055;0.3520849735778459;0.22589601752118116;-0.8987871517317515;-0.03788067004098013;-0.16830472449386785
0;1;0.8832835396471246;-0.6259461990435227;-0.930204775754156;0.6427464125273239;0.11502833834938418;-0.540518201884333;-0.04220584306347798;-0.04395725519314698
0;1;0.9020122017247404;-0.6338810573352367;-0.9579921099936931;0.46810732777805003;-0.40311231927373636;-0.4982610299547667;-0.04187985825920957;-0.09875069643317423
0;1;0.9981352086137011;-0.7708729448110956;-0.8240691132316551;0.8867408884825625;0.4018207519890341;0.028984696627669913;0.009717248381253096;0.06274346238426003
0;1;0.9144571082981998;-0.6742404572089314;-0.875267184296378;0.5453895033514569;-0.07097949730987256;-0.5075858550601211;-0.05800328425407546;-0.020166990385807507
0;1;0.9559156728750712;-0.7889329191252793;-1.0244013916872379;0.7566961534547335;0.601761872240222;-0.4382766115712955;-0.1376778425212799;0.11485989424057051
0;1;1.0123456313287305;-0.8453065275449575;-0.5749173045235664;1.1536517970518296;0.8269824213264706;0.2527668731799604;-0.023228215575528385;0.2545144124263082
0;1;1.0479769695719;-0.9293782015628753;-0.6254159746206803;1.1516671897156492;0.9954828109483015;0.14781847804811804;-0.1238210583686555;0.3919472504301164
0;1;1.0163462157224965;-0.827061697851411;-0.6549965330311731;1.1689298994753237;0.7227202542867284;0.20432985351262264;-0.056595165737048994;0.1851194915562288
0;1;0.9749742865248243;-0.8659396447929266;-0.8295792290534127;0.8099160951424647;1.0382738557121847;-0.36569957321096885;-0.22455763646556706;0.4021824716265917
0;1;0.9769040381761578;-0.8772103854429574;-0.7888258908244038;0.6932579032663675;0.23469363585086445;-0.08974584544395847;-0.21108558936094507;0.21186114115446988
0;1;1.0503865727737862;-0.9317949371445624;-0.6125871865596731;1.0163968348778514;0.11758763011867081;0.3865300671274641;-0.11784974325581073;0.18319610263630723
0;1;1.0860908778690646;-0.9855561016096718;-0.8378521736726833;0.869380599929116;0.8491804796431496;0.06578943231460554;-0.15314146709995627;0.335167735403029
0;1;1.0670164893596636;-0.976290844280528;-0.8810797389521423;0.9762720132350462;-0.1584215595620612;0.13783506160256326;-0.18197652878163592;0.020371307762228945
0;1;1.0126348438452877;-0.8992990077207982;-0.9778945684511301;0.9529944686158245;-0.40477085137662655;-0.19909465001123997;-0.2398759164027749;-0.05796164094324009
0;1;1.0328100156742046;-0.8248883603137422;-0.846324770241147;1.0267244243026725;-0.4592637907199816;-0.1588619819933959;-0.0989692674346123;-0.007962790950413804
0;1;1.084187169066731;-1.0146035034955752;-0.818619714815559;1.1533224049143842;0.8735896937383307;-0.03747515882610139;-0.17603139322329753;0.26542402303687446
0;1;0.9789371399073349;-0.931891716398135;-1.0381969821507973;0.6664826867653313;-0.20789705577625284;-0.5838388537667917;-0.2731909257569292;0.008410569930221934
0;1;1.0730808601206279;-0.84812354521858;-0.6752982820190855;1.1772327585193223;-0.18336945494336665;0.2582507546587911;-0.036539364442541335;0.029040130308264325
0;1;1.1325736159962805;-1.068668856745464;-0.7339622265871505;1.3711894681146868;0.9772526096876482;0.23897492498719283;-0.1393118030800398;0.3170082147670305
0;1;1.0668761971179304;-0.9219424767430391;-0.7060311246734232;1.1488387836641716;0.74157336002032;0.1924576081506791;-0.11883328441044813;0.25110617758763776
0;1;1.0000701182750753;-0.8748282972502535;-0.8043629536539824;0.7910018906732629;-0.09385215081301819;-0.12358117113655094;-0.2574704579082927;0.1328163891722339
0;1;0.9963271130230361;-0.8121414287545283;-0.7664519152408585;0.8910975189091398;-0.5012299732921791;0.05152624647911651;-0.025307993065058303;-0.14237190684687132
0;1;0.9738728037090041;-0.8221638940370918;-0.8033320842548931;0.7261772766196508;-0.47732544702910745;-0.07441042538347929;-0.10746984104467637;-0.03438859722870821
0;1;1.035591905245166;-0.8534807340586938;-0.7661367011649702;0.917764259752131;-0.31488271316592;0.24002400387241535;-0.062251436929260016;-0.009445332282073763
0;1;1.0155804889667406;-0.7460384567286292;-0.8545653172129375;0.7185598843364664;-0.8389965285313413;-0.039938949775119505;0.07470821329259834;-0.18695729830721466
0;1;0.9825408311460285;-0.6897787289894325;-0.9248747526804971;0.5245686084462211;-0.9969083139611091;-0.16594074212842239;0.09031210704436632;-0.28762033549152755
0;1;0.9987879121173416;-0.7185810358667004;-0.9088071096346545;0.540529922013163;-0.57518033165458;-0.007429371972556746;0.07992053687110266;-0.27455571781876226
0;1;0.98544499663892;-0.6423016287003995;-0.787941521749786;0.6814849602694858;-0.9172270684174747;0.04766804750539176;0.05396594878964321;-0.2722750112066209
0;1;1.005973024211711;-0.7964253084480972;-0.8087480793554914;0.9154820722055937;0.4067847719528087;0.02829192890784263;-0.007901014986238585;0.15900993222123946
0;1;0.8943584241062099;-0.7160354015348006;-0.9617765047005321;0.5334050900797471;-0.1865972664441771;-0.38703150019030264;-0.16796556019449133;-0.1381408065465923
0;1;0.9531810071396198;-0.6342474785121065;-0.9099496203001929;0.5957254158379178;-0.9559224512329662;-0.3049655929236653;-4.1476073411887286E-4;-0.20520632821575743
0;1;0.9588241801981227;-0.6349132370280882;-0.821009775025014;0.5533483650818143;-0.9872919071200444;-0.200221169287627;0.11043041070320996;-0.264118687543711
0;1;0.9964246415196428;-0.6925634971624153;-0.7872494982449786;0.6951081630270065;-0.8504308274996714;-0.07907326108491616;0.12642507788945617;-0.22969681622522106
0;1;0.9713292434694694;-0.7489045325283868;-0.7822918463773125;0.6584392514294428;0.3166267058820034;-0.1148778843162709;-0.06730860309360769;0.10323375520701354
0;1;1.0358677495041453;-0.8044183630243664;-0.6116320010784115;0.983985485503657;-0.3655640468127426;0.25952916552520994;0.05355326001151254;0.00968197876657826
1;1;-1.7062575630877028;-0.32002421901019873;-0.5244722251999746;0.12687177074161432;0.4120863751872541;-0.38590943307312375;1.5515716425325443;1.0437240340028733
1;1;-1.6385470651838265;-0.27796363478074715;-0.17072426865856805;0.5934998338727875;0.18625750175309688;0.3624332573969955;1.8095766539038955;0.2911215369867649
1;1;-1.7962829341812498;-0.5387392716002549;-0.6469128732357693;-0.4475370382939828;0.2897267213038001;-0.3580864649218164;-1.7075897191931788;0.27741777796412537
1;1;-1.4684182162474082;-0.37725747999684994;-0.5135463328632026;-0.578104226919445;-0.5195424665261025;-0.592169517471779;-0.6654102923876388;0.3488384136384275
1;1;-1.9047964993992894;-0.509720454571792;-0.357528781483507;-0.09929560671541852;0.1555367213419157;0.22851461604270132;-2.5060948734749426;0.0367954181996024
1;1;-1.3747264436986413;-0.013182322227060223;0.2565449238417891;1.0921756400408045;-0.9580155282528473;0.9662745091197008;0.8177573284000899;0.7415912439316702
1;1;-1.2421606975946302;-0.07260406449579722;-0.05653164694786057;0.46698795558829287;-0.6804123388591189;0.1039038863285871;1.7101537028661578;0.24353209079489754
1;1;-1.6556518886250047;0.038091380856184784;0.3656618272209127;1.192172827289329;0.15967364962218666;0.660487202892796;1.2705711344184485;0.032442820781149385
1;1;-1.5918714092934956;-0.2675696002509663;-0.40026833892956903;-0.004089534925113763;0.3547117334420513;-0.4721760796657129;0.7165446891743573;0.1686850905669413
1;1;-1.817406753021851;-0.25562723280648225;-0.17623895561418607;0.6069394572917086;0.2761813922352816;0.28058739276281536;1.104510463722528;0.8781813897367848
1;1;-1.3184711747374853;6.626365995803635E-5;0.3995054264591771;0.9723205206565055;-1.0224195829692029;0.8348223963337822;2.7393473735829357;0.10987251090985116
1;1;-1.7475922794885983;-0.38817933166517765;-0.3692466264701078;-0.047463406803339665;0.2936222294590284;-0.20085489623436112;0.554550968432932;-0.04323491680767672
1;1;-1.461927808353277;-0.46027996030088497;-0.2110015092773093;-0.10133605946117798;-0.7672112442943828;0.4835956224162368;-1.1708187401571917;-0.4504375813698235
1;1;-1.85320388883636;-0.13300499197415605;0.028621381335814138;0.3882672869164239;0.25987307391907094;0.0883109589653302;-2.6083135619618254;0.23505970387715983
1;1;-1.4814491354731902;-0.6303480036318899;-0.2568787398810629;0.1777163343124072;0.601576434345169;0.5425618402081179;0.5114292177443192;-0.30658653414968007
1;1;-1.7695487749675867;-0.5166184482413596;-0.36355456586149804;0.008548422463311554;0.12880507885537476;0.28583195187621124;-0.37199000609759253;-0.2187902643485831
1;1;-1.8297352823443844;-0.5540052603512347;-0.6779940494720232;-0.4062279302927253;0.3295398478735287;-0.37935489882886825;-0.6013255006053586;0.45018304319909547
1;1;-1.8033917681601996;-0.6959218924293858;-0.2992519251890279;-0.0812692288159617;-0.8159296429357248;1.0908579079978933;-3.305032207783036;-0.3223577673724163
1;1;-1.95147215528962;-0.5201144891015729;-0.127984711212506;0.4982937620824827;-0.01291751034703878;1.06312395310541;-1.4130629087454045;0.15923186461942598
1;1;-1.912879795655222;-0.7165874516910534;-0.3496316582802171;0.011888394475345029;-0.11349792601115723;1.0186263043672281;-3.5616585243105465;-0.29520223464861167
1;1;-1.640287867519382;-0.5903737664802696;-0.4922614573951095;-0.5178749639246197;-0.5706978510908709;0.07967482852607612;-1.7309411060403663;-0.48433119251409845
1;1;-1.8210846627752164;-0.616958407425932;-0.32824306260844194;-0.09972251063225049;-0.734595121704923;0.7264780248360272;-1.7011351631711278;-0.005060147341761733
1;1;-1.5984336045469145;-0.45135295614853627;-0.04759813704110718;0.3812071763730197;-0.9140374529868285;1.1795558841220595;-2.209337701962297;-0.08112289860468694
1;1;-1.7541799664489481;-0.5864264299239724;-0.26608071013593376;-0.1823407266347655;-0.8142213748443798;0.7690148926501305;-3.9136636003467675;-0.35059067781170233
1;1;-1.4700073256553121;-0.45506689713780196;-0.2676518369009317;-0.04785534822258769;-0.6963653920072396;0.46830719769085105;-1.192680211614437;-0.39729805960792886
1;1;-1.518884424929497;-0.38070429492917995;-0.3724533787033224;0.012503429474831134;-0.5905612375135356;0.13271106134414512;0.2818736794850081;0.5167130447617215
1;1;-1.5489078386944541;-0.44814084607385296;-0.48675357964233573;-0.6398541918998797;-0.574753131489744;-0.3254476448415922;-3.046221988992061;-0.12602025035702252
1;1;-1.9523655689086392;-0.37384139398558486;-0.10082214971740425;0.5042550229449485;0.15517357866898923;0.6180208965539877;-0.5030113000693374;0.4138488182509361
1;1;-1.7360964268044525;-0.5013524594903798;-0.3324733896252439;-0.032760685537945894;0.08899195228564621;0.3071003857832629;-1.478254224685412;-0.39155552958355333
1;1;-1.6637711658944008;-0.5231204510541855;-0.6290032735712584;-0.2908216064493981;0.22256159589913208;-0.2217403402500757;-0.6600627840324587;0.38742976434317167
1;1;-1.909284461961802;-0.624653921570591;-0.35313880780980816;-0.03752418339453722;0.006063632400235582;0.6674899239490466;-3.0925368820526637;-0.14765290016731275
1;1;-1.5319613594470192;-0.4320569655701462;-0.8654292381016401;-0.6970154349983163;0.44202875667119196;-1.1256265385794888;-0.4092456260163788;0.6145069067214167
1;1;-1.6165746429733288;-0.562820857562812;-0.8360154796970444;-0.5809297070911604;0.35329067072724774;-0.6846006635311673;0.5467730776175035;0.22145707637704623
1;1;-1.420055209855712;-0.4103926102947638;-0.5544264416979712;-0.4045315375055542;-0.3755256691762845;-0.5000195099748203;1.842818297285643;-0.22332916100581826
1;1;-1.491377632645043;-0.30136191429798503;-0.40154454179864946;0.09317813645182103;0.3058534663843633;-0.3370295959396339;2.492612896521962;-0.10155185059570188
1;1;-1.6565472471870353;-0.43070379827102356;-0.657328631287459;-0.4014644324361342;0.41246816775893924;-0.7397444369946511;1.0129571567618931;0.20628041378285505
1;1;-1.9033839164517825;-0.15590466207698916;-0.018001781685484285;0.45023280784675945;0.31959455538227544;0.056407351015656026;-0.9488674516924357;0.4942153762442959
1;1;-1.9093602442455742;-0.3542163158794032;-0.060864567912076895;0.45114784488798065;0.10398475950435015;0.6453756781737051;-1.9253232713514628;0.1917213562671996
1;1;-1.7360964268044525;-0.5013524594903798;-0.3324733896252439;-0.032760685537945894;0.08899195228564621;0.3071003857832629;-1.478254224685412;-0.39155552958355333
1;1;-1.4272883201470117;-0.40496831064743377;-0.3428178471351581;0.036361388545945304;-0.5461212267619262;0.1868097416095119;1.721596115862704;-0.2808702974843687
1;1;-1.5024848452678339;-0.23304521935880365;-0.3522851828465096;0.05152307562315852;0.3420575532330203;-0.8534949481390022;1.1461320648576527;0.2721752453743945
1;1;-1.225713684089506;-0.2551768008398892;-0.07479179431668041;0.4759690976882378;-0.6460241366055008;0.4681452296318837;3.5831309540152243;-0.5828877320981258
1;1;-1.59472974192853;-0.09709202559939942;-0.14966833513135958;0.613064138272652;0.3828067164979921;-0.18278448575724462;3.1800790032912944;0.5645828870061202
1;1;-1.729688557815318;-0.2153061867785019;-0.07425152923457778;0.5103797039258918;0.26179890293169966;0.15464901803392805;1.5725572394994285;0.1002503155202718
1;1;-1.6075219124044282;0.06057061683389712;0.003667028234321337;0.498778261487302;0.394476080764953;-0.44059739291302114;0.1502929908248748;0.735177311027809
1;1;-1.5994294474420314;-0.25985783419940084;-0.11645372825319263;0.5554849506731135;0.21846329059408898;0.22831215596899238;3.463669083562134;-0.19519167241314384
1;1;-1.5617951794158256;-0.24268342511045773;-0.08148705532067754;0.5090117394395866;0.1736730753009915;0.25223938338669977;2.2191093920539213;-0.38955453943115553
1;1;-1.9093602442455742;-0.3542163158794032;-0.060864567912076895;0.45114784488798065;0.10398475950435015;0.6453756781737051;-1.9253232713514628;0.1917213562671996
1;1;-1.8377719911890473;-0.5479783210130863;-0.4428757400532821;0.0836481998430953;0.1399911238401221;0.38378108260648336;-0.7360154663843869;0.3862490864577782
1;1;-1.7060730130394954;-0.43391590834570687;-0.2181731886862305;0.619596935836765;0.07318384626185473;0.7652590919690001;1.8498414437916577;0.2511777655351907
1;1;-1.6614326452169685;-0.6819957777774529;-0.6688003942572889;-0.8301062344598367;-0.47186625715653024;-0.17207927035314127;-2.1709943333646513;-0.5355484299600657
1;1;-1.6532127578819482;-0.6074578992764157;-0.5307497163358558;-0.30690444638621067;0.1120455653931487;0.07438326393209688;-0.28853789508389166;-0.6213806616201724
1;1;-1.7060730130394954;-0.43391590834570687;-0.2181731886862305;0.619596935836765;0.07318384626185473;0.7652590919690001;1.8498414437916577;0.2511777655351907
1;1;-1.6776283922316466;-0.5986889941040943;-0.30862620117830847;-0.03980346888629851;-0.7054612364420345;0.7473622981762429;-0.856515534256736;-0.3863820353782395
1;1;-1.4887871562564312;-0.43071864542311933;-0.7628538691317034;-0.8572191604442997;0.45847991846744224;-1.4075152952260543;1.0028066148277937;0.1127562271573844
1;1;-1.6373275088196306;-0.5495892036274412;-0.6444152747250149;-0.34122825290183495;-0.4400943622738124;-0.08751058287909938;0.0623231864458927;0.5407262617487509
1;1;-1.458522577979772;-0.6555998367257422;-0.5282374884031955;-0.09860269177105666;0.7034152239136944;0.01660193272535806;1.7956592645149412;0.06287089273983906
1;1;-1.5617951794158256;-0.24268342511045773;-0.08148705532067754;0.5090117394395866;0.1736730753009915;0.25223938338669977;2.2191093920539213;-0.38955453943115553
1;1;-1.365886811532611;-0.3767441429112024;-0.27142807646484574;-0.03122908700061547;-0.5561887679236104;0.09865464240127489;2.049222306382725;-0.8254111586187047
1;1;-1.7695487749675867;-0.5166184482413596;-0.36355456586149804;0.008548422463311554;0.12880507885537476;0.28583195187621124;-0.37199000609759253;-0.2187902643485831
1;1;-1.40564545834116;-0.3860581665487419;-0.3484158835605247;0.06120088725363626;-0.5758294443518652;0.212966687077438;0.928210271391843;0.08321853352058413
1;1;-1.3134181934600426;-0.4889059043872749;-0.06578115393006347;0.6810201465429139;0.5158337985535515;0.8660787982924546;1.250524188749578;0.2068473838313268
1;1;-1.5617951794158256;-0.24268342511045773;-0.08148705532067754;0.5090117394395866;0.1736730753009915;0.25223938338669977;2.2191093920539213;-0.38955453943115553
1;1;-1.2534075015688995;-0.2050184164145063;-0.27868640271369466;-0.030230742138702624;-0.5518220604036336;-0.2965962276570483;1.3787138335193252;0.07231448644772362
1;1;-1.4346671893828047;-0.14602847734435187;-0.4119861839161699;0.047742664986965104;0.4927972415591638;-0.9015455919427747;3.7771905310822316;0.08865475555966215
1;1;-1.6043974486549009;-0.3872900468230003;-0.10777083825819239;0.5031880504557237;0.022184674707378844;0.68857839514578;1.1076026854906318;-0.5266268505061409
1;1;-1.5527537915517011;-0.24946379966962007;-0.3459977985241936;-0.04210441812478773;0.38691752228304355;-0.6062971810937159;2.370637118832595;-0.3176281188329676
1;1;-1.756633667352723;-0.38139895710601535;-0.10473588326659178;0.5036527507610347;0.08037778247697645;0.6576816682460545;0.4030232416542582;-0.11516133740586475
1;1;-1.7798833094353694;-0.6247788530130918;-0.5706145288323108;-0.3875387716464913;0.1675660380681747;-0.011698557038754987;-0.9919196693613069;-0.30168536617588454
1;1;-1.686683233152253;-0.19568110867232028;-0.03429394742925045;0.4572725258689241;0.21061008376706053;0.1820037996536455;0.15024526821730347;-0.12187714646346469
1;1;-1.7695487749675867;-0.5166184482413596;-0.36355456586149804;0.008548422463311554;0.12880507885537476;0.28583195187621124;-0.37199000609759253;-0.2187902643485831
1;1;-1.686683233152253;-0.19568110867232028;-0.03429394742925045;0.4572725258689241;0.21061008376706053;0.1820037996536455;0.15024526821730347;-0.12187714646346469
1;0;0.39037699515019253;-0.12390227242756593;2.3683576238932353;0.03315659867252811;-2.5580069084634935;1.4880652206657474;-0.13794479757171613;2.2186603364292785
1;0;0.631330155661259;-0.8481117423536526;2.3053795542989146;0.03041941142312271;1.938738752531473;1.500368763470171;-0.33488500002723376;0.5038366138831143
1;0;0.5699411909736898;-0.4782560874475649;1.890637432771744;-0.7108954646495779;-1.71979390285032;0.8709285575406454;-0.15264982183092707;1.4392869687024192
1;0;0.5322244601870026;-0.5640524621385069;2.2667912013408245;0.20889694110045517;1.2229527188435936;1.2826021761490494;-0.4797138815240157;-2.2606669219085402
1;0;0.738014435829097;-0.8898524600886498;2.113508436625865;0.5588298795840141;3.0587805312097602;1.4753770826414554;0.0378029945903722;-0.7201494800868903
1;0;0.6542890822311689;-0.7949870277575756;1.627126954961839;0.18747367543879878;1.6017987159308629;1.0851194282500303;0.929365039044549;0.5362667814141003
1;0;0.7446184155664811;-0.7464785094395306;2.0549762127777234;-0.6290897351087729;-0.053707068742619386;0.8732018367196889;1.871430092174872;3.737043931686388
1;0;0.4125408662083118;-0.6529763805553046;1.0825377379344143;-1.2333075963599553;0.851757135972573;-0.8047849387355636;0.7736241311839236;0.9361565433288476
1;0;0.31156249885855086;-0.6423696508708863;0.5027733341810203;-0.7636947722805545;1.252906228401423;-1.1561295351751506;0.33061952863909233;0.7056221419034883
1;0;0.41916260471354033;-0.6705031026250965;1.156670647809575;-0.5487425515305725;0.9989091077086093;-0.15979920210975182;0.40957876802246973;0.8714159501210984
1;0;0.30656984777643775;-0.5759436742436479;0.8741060390936469;-1.3821960884059712;2.115822363114963;-1.592819252748337;1.007999249460447;-2.128694553624955
1;0;0.22911989942798008;-0.4916516001527398;0.48738788484259377;-1.797830213957158;1.664429013626333;-2.3913811417519706;0.4861573905395868;0.06454752192530686
1;0;0.3892157055955432;-0.4646322881788028;0.9511262827604845;-1.2233796235319894;0.6316927227134695;-1.4164686772182515;0.07699302784309692;0.12526141887093573
1;0;0.5386399953132076;-0.6399191240570786;0.7874038852101547;-1.1952600893108343;0.040039763374736644;-1.0339447130345665;0.048859584891509066;3.2261477203173987
1;0;-0.002098231429370449;-0.37181899202170626;0.36082489111720134;-2.071459875471175;1.3179050422187764;-2.663417158967239;0.07019129553616872;-1.252637567800414
1;0;0.14575120917001655;-0.27245161589061134;0.32464721004002073;-1.5892764363467344;-0.6025006319974029;-2.214365062817195;-0.40704326482999753;-1.915928900831696
1;0;0.05252615033608286;-0.09380391331262941;0.9282064797359307;-1.0461604486553093;-0.6205813195520856;-1.8075644691172599;-0.7864133142092299;2.296394270578963
1;0;0.3281179335617282;-0.33887767321833323;1.0185577279316966;-1.6965958650962099;-1.494577600753382;-1.39953401982726;-0.10212187863131182;1.397513719453994
1;0;0.5149122724491121;-0.6778584514186242;1.181240494605038;-1.0188990182212385;0.8524121578353001;-0.5631779439121803;0.10172461563564725;-1.0865601496640027
1;0;0.26796760615267934;-0.09401665919678164;0.5372125681026093;-2.2095054035424364;-2.8866884746332997;-2.351361304623257;-0.20846802144963217;-0.22531542845575284
1;0;0.07009783755073054;-0.13655673445439126;0.8262025062973363;-1.451660181822389;-1.5000427023146152;-1.987072985476291;-1.036977414800507;0.5896502674556933
1;0;0.4166421057805068;-0.6588642844017802;0.5933641576597891;-0.7797688462417833;0.4333328826591641;-0.9692485389537702;-1.0064648802090532;1.1461762903162602
1;0;0.43958865747293707;-0.7632001461225834;0.6118249846346517;-1.7717709152082755;-0.4202635263301347;-1.4341139147596969;-0.7109564189130465;1.617360659630334
1;0;0.36520078146784835;-0.6210554862133473;1.0559986867756597;-0.007556259379028932;-0.09359881465942163;0.38517643644887434;-0.6557936444231673;0.7049203336327029
1;0;0.2185330785738075;-0.3236820121772386;1.3227491158281965;-0.27985450628616715;-1.0993228682983063;-0.017328538372529876;-0.5591232680470831;1.0433801949519697
1;0;0.33793429219220034;-0.5349952431927806;1.8178664824745552;-0.0623913688178701;1.6074787670228934;0.10306574806907742;-0.8792576418093104;1.1589337901199206
1;0;0.023346023910379442;-0.5250570403332442;0.9280327863066874;-0.9359195824006221;0.8195073738939974;-1.1428124020271129;-1.477570552249335;2.2441252352314733
1;0;0.23648188312327978;-0.654792778122883;0.7677011269573837;-2.0334842650824605;-0.3582505826370068;-1.6105630241233728;-0.6297959858933143;1.8217988763176851
1;0;0.21559586620686952;-0.5273544117775875;0.6646725238997389;-0.5581103792327502;-0.12715344191934097;-0.5956615773593257;-0.9373355227301844;-0.5924438183015098
1;0;0.517039166328665;-0.7709558965956012;1.5499288471657793;-0.27114296821014283;0.8125202205633735;0.5709876113525001;-0.9560459577922857;-1.7259386553143983
1;0;0.5259991379600392;-0.9330410286769848;1.352694066655146;-0.44975399114618947;0.7348454446756995;0.5298961456105131;0.4211978663397897;2.2754815554905936
1;0;0.5073536374861153;-0.850280733083094;1.5664934894964935;-0.30096320640689667;1.0196742186499044;0.8093131627032426;-0.294428184719506;-2.202070256537786
1;0;0.6135667567724216;-0.9412214965643978;1.746585165696622;0.16157907236041213;0.9555892667768725;1.7443550229287312;-0.177626746136134;1.4405566363429672
1;0;-0.006285947851560458;-0.19798821565879984;1.894351309355706;0.21164581403396263;0.6364713655068119;0.4764585407018279;-1.211434046325136;-0.11841595605279123
1;0;-0.31832661425119124;-0.11789588243675894;1.9914437581373736;-0.3251039469100464;2.2286832602014046;-0.5817292115842166;-1.5673008242393263;-3.15908057390376
1;0;0.40916187148201316;-0.6578112136810519;2.224705902367055;0.9315895430089858;3.3300461480080754;1.2983589151902215;-1.1500449894513667;-1.1832340352733868
1;0;0.18851302477775478;-0.23634818027281784;1.6544056484203993;0.19226801920846162;0.48523151940273723;0.33116904703164635;-1.0131490839269228;1.785811005374792
1;0;0.10676446648440237;-0.09887416068394198;2.3648692756424508;-0.967605111896731;1.3686261731491443;-0.7718067490592613;-0.43515814850107354;-4.569592386322068
1;0;0.5343974239363881;-0.1840189027085505;2.461926136912223;0.20609054594207488;-1.2510545377615543;1.477668875184334;0.009653767335971853;-2.5166071725423675
1;0;0.235700766360306;0.11255536562305458;2.092361525557208;1.301814801381528;-0.8744620643638522;1.3657221470173224;-0.9450146257603766;-0.6184832196804005
1;0;0.05788996342952375;0.05610310134058498;2.4960907267574286;-0.08763414841835827;-3.421429905504361;1.3972430034123053;-0.7224578191229384;3.495961158908265
1;0;0.4221933950962557;-0.6236520059857193;1.5030450434938223;0.060704375379454494;-0.4505987242875208;1.3833482158491734;-0.5953965239423183;0.09635298928772876
1;0;0.6282793387927625;-0.5056068356713452;1.7935002205438484;-0.3881665258740633;-0.9907667170821611;0.9759184360028134;0.9215532641356302;-0.7677213806183717
1;0;0.29926790284707955;-0.6199171504346022;1.0270637321362237;-0.7000135669100286;-0.9451142727377166;0.5122924152001133;-0.3869606067022498;-3.950113109550787
1;0;0.5740354168984401;-0.652925066755937;1.668718247365725;-0.49027719908664846;1.9031300020064494;0.08367354492884004;1.1331409502651741;-3.156327241259656
1;0;0.5758182383918782;-0.5780538059484917;1.4444611450539537;-0.47028980862069875;0.6503090046358734;0.282570496041323;0.9798006802110327;-1.3730913039148978
1;0;0.39262662288029815;-0.4560950144103706;0.9690668859946729;-1.6940010218572559;-1.0362979316355698;-1.052932267185276;1.0802260084329385;-0.48374423923911536
1;0;0.3989903591180834;-0.20346085026960942;1.1832358759504233;-1.5315472797066023;-1.9339824254746936;-1.1253396541629783;0.03342900020143635;-0.16139832625646872
1;0;0.48439923957660386;-0.37769261184216335;0.6750181138545697;-2.039624828769283;-3.3329237735019386;-0.9849829500574192;1.4144848525859424;-2.152016908534792
1;0;0.5401467009114459;-0.5335443568078311;1.448352484306811;-1.2828865716186515;0.38039080194626074;-0.6514650086006887;0.6914167156520805;-0.2578156686607902
1;0;0.6267004350730773;-0.5976125131733934;1.4528928648161947;-1.046637109639138;-0.7768562568548838;0.051629268471734394;1.3774478206245735;0.818256932018592
1;0;0.31633989394827594;-0.6886622318573172;1.424622729537348;-1.2640315465327323;2.0788377365150326;-0.8827382998999549;0.06578878638778758;-0.8597291190919615
1;0;0.2626568269173133;-0.4956718300905132;1.6219494082043104;-0.7127959138657197;2.2258892316390106;-0.5192969760836367;0.08669636237462681;-3.166204721777975
1;0;0.16284162860125612;-0.30339392866584514;1.1652758935644894;-1.4707230871908183;-1.140312618342977;-0.8838534433350509;-0.013656295203895993;-1.4263235880592937
1;0;0.49983442696998304;-0.40525896289908525;1.224771009251528;-1.241914395861422;-0.5401953617722225;-0.633961112725776;0.6933258414141182;-0.7665141291518294
1;0;0.541592622695236;-0.46017773930887756;1.8018967601886962;-1.036448954516798;-0.1255031067740886;-0.14971090809833543;0.8872466386958499;0.42286076578629844
1;0;0.6791331482922982;-0.5531494485132955;1.6371161795559754;-1.1078534733508745;-0.7143530893308923;-0.09246905302987242;0.3679232126833568;4.809857518034476
1;0;0.21346953268126279;-0.3131774783954038;1.0221725823451226;-0.996610277785236;0.49386077099843706;-1.3974136541185556;0.3414346621127694;-0.13775228752444366
1;0;0.5228917866715896;-0.4043365211062247;1.3192167062765745;-0.9854593556521527;-0.8651588730389504;-0.21613303595165492;0.49943086946318954;-0.46652691577119265
1;0;0.44608487304830907;-0.6082099093812493;0.8029788498140868;-0.49099730975840905;1.352652445523121;-0.5639018985984798;1.0843989369542772;-0.13235246224141375
1;0;0.5731548669621499;-0.4788770598951291;1.1226160897023159;-1.216280300488934;-0.9345662519905839;-0.5894613313524567;0.9709286526041285;1.5845142443146516
1;0;0.7164922126130228;-0.6701723581259366;1.6115827409752543;-1.0691343044782695;-1.5072983722393771;0.6995823179163692;0.9875550070514044;-2.9608631290926337
1;0;0.5411109361552869;-0.7343292161305289;1.1205857707371627;-1.4552330923129841;-0.08364036280441912;-0.43093889473223124;1.1800098092253544;-1.2626059883597724
1;0;0.733877154595448;-0.8269056548713859;1.31047463120389;-0.29519946696071364;1.8614270966841961;0.34475984113560265;-0.08235911355536803;-0.09324299114387803
1;0;0.48516213210480635;-0.5412713256903937;1.1170312131022138;-1.569155402193448;-0.9721366384647393;-0.7641341286560797;0.4702456229770338;3.44813510274051
1;0;0.5932013809650953;-0.6826862728620136;1.4243660176339206;-0.8737141599994321;-1.1610375348469604;0.6692013127252177;0.22757076318460517;0.42465200215587273
1;0;0.30616100889792813;-0.35794145557450224;2.087481769999046;0.3324789926651866;0.8832958155903828;0.8772665078362712;-0.5640632775221467;2.1391226022305387
1;0;0.4713208995999363;-0.38077255789255215;1.673753234875712;-0.3169027680417463;-2.1243640022976296;1.1289768378923732;-0.4566815028216144;-1.9595470304579605
1;0;0.38491628093391556;-0.341366672419231;1.1050274633531496;-0.508751548040003;-2.9442793593266168;0.7574867614902805;-0.7402344822654181;-3.173647306409543
1;0;0.33906787166059554;-0.40161481547580324;1.9401912048868963;-0.7137215343455989;0.1962059717432238;0.06513782743526124;-0.40409319268357735;1.9358872139609309
1;0;0.4308262373897531;-0.3012400379453227;2.0954743666262843;-0.6297135853657346;-1.527225722738022;0.5616558225046218;-0.28219820616441077;1.6034173120588266
1;0;0.54904573097324;-0.5949151653331687;2.2908871185162325;0.2910259762242969;1.076239785110772;1.286428246730303;-0.6810039363951728;0.2245394812949003
